# ベクトルにはc()を用いて定義する
vec1 <- c(1, 2, 3, 4, 5)
vec2 <- c('a', 'b', 'c', 'd', 'e')

# ベクトル同士の計算
vec3 <- c(1, 2, 3, 4, 5)
vec4 <- c(10, 10, 10, 10, 10)
vec3 + vec4
vec4 - vec3
